-2.7,-2.7,-2.7
-2.6973,-2.6964,-2.6982
-2.6946,-2.6928,-2.6964
-2.6919,-2.6892,-2.6946
-2.6892,-2.6856,-2.6928
-2.6865,-2.682,-2.691
-2.6838,-2.6784,-2.6892
-2.6811,-2.6748,-2.6874
-2.6784,-2.6712,-2.6856
-2.6757,-2.6676,-2.6838
-2.673,-2.664,-2.682
-2.6703,-2.6604,-2.6802
-2.6676,-2.6568,-2.6784
-2.6649,-2.6532,-2.6766
-2.6622,-2.6495,-2.6748
-2.6595,-2.6459,-2.673
-2.6568,-2.6423,-2.6712
-2.6541,-2.6387,-2.6694
-2.6514,-2.6351,-2.6676
-2.6486,-2.6315,-2.6658
-2.6459,-2.6279,-2.664
-2.6432,-2.6243,-2.6622
-2.6405,-2.6207,-2.6604
-2.6378,-2.6171,-2.6586
-2.6351,-2.6135,-2.6568
-2.6324,-2.6099,-2.655
-2.6297,-2.6063,-2.6532
-2.627,-2.6027,-2.6514
-2.6243,-2.5991,-2.6495
-2.6216,-2.5955,-2.6477
-2.6189,-2.5919,-2.6459
-2.6162,-2.5883,-2.6441
-2.6135,-2.5847,-2.6423
-2.6108,-2.5811,-2.6405
-2.6081,-2.5775,-2.6387
-2.6054,-2.5739,-2.6369
-2.6027,-2.5703,-2.6351
-2.6,-2.5667,-2.6333
-2.5973,-2.5631,-2.6315
-2.5946,-2.5595,-2.6297
-2.5919,-2.5559,-2.6279
-2.5892,-2.5523,-2.6261
-2.5865,-2.5486,-2.6243
-2.5838,-2.545,-2.6225
-2.5811,-2.5414,-2.6207
-2.5784,-2.5378,-2.6189
-2.5757,-2.5342,-2.6171
-2.573,-2.5306,-2.6153
-2.5703,-2.527,-2.6135
-2.5676,-2.5234,-2.6117
-2.5649,-2.5198,-2.6099
-2.5622,-2.5162,-2.6081
-2.5595,-2.5126,-2.6063
-2.5568,-2.509,-2.6045
-2.5541,-2.5054,-2.6027
-2.5514,-2.5018,-2.6009
-2.5486,-2.4982,-2.5991
-2.5459,-2.4946,-2.5973
-2.5432,-2.491,-2.5955
-2.5405,-2.4874,-2.5937
-2.5378,-2.4838,-2.5919
-2.5351,-2.4802,-2.5901
-2.5324,-2.4766,-2.5883
-2.5297,-2.473,-2.5865
-2.527,-2.4694,-2.5847
-2.5243,-2.4658,-2.5829
-2.5216,-2.4622,-2.5811
-2.5189,-2.4586,-2.5793
-2.5162,-2.455,-2.5775
-2.5135,-2.4514,-2.5757
-2.5108,-2.4477,-2.5739
-2.5081,-2.4441,-2.5721
-2.5054,-2.4405,-2.5703
-2.5027,-2.4369,-2.5685
-2.5,-2.4333,-2.5667
-2.4973,-2.4297,-2.5649
-2.4946,-2.4261,-2.5631
-2.4919,-2.4225,-2.5613
-2.4892,-2.4189,-2.5595
-2.4865,-2.4153,-2.5577
-2.4838,-2.4117,-2.5559
-2.4811,-2.4081,-2.5541
-2.4784,-2.4045,-2.5523
-2.4757,-2.4009,-2.5505
-2.473,-2.3973,-2.5486
-2.4703,-2.3937,-2.5468
-2.4676,-2.3901,-2.545
-2.4649,-2.3865,-2.5432
-2.4622,-2.3829,-2.5414
-2.4595,-2.3793,-2.5396
-2.4568,-2.3757,-2.5378
-2.4541,-2.3721,-2.536
-2.4514,-2.3685,-2.5342
-2.4486,-2.3649,-2.5324
-2.4459,-2.3613,-2.5306
-2.4432,-2.3577,-2.5288
-2.4405,-2.3541,-2.527
-2.4378,-2.3505,-2.5252
-2.4351,-2.3468,-2.5234
-2.4324,-2.3432,-2.5216
-2.4297,-2.3396,-2.5198
-2.427,-2.336,-2.518
-2.4243,-2.3324,-2.5162
-2.4216,-2.3288,-2.5144
-2.4189,-2.3252,-2.5126
-2.4162,-2.3216,-2.5108
-2.4135,-2.318,-2.509
-2.4108,-2.3144,-2.5072
-2.4081,-2.3108,-2.5054
-2.4054,-2.3072,-2.5036
-2.4027,-2.3036,-2.5018
-2.4,-2.3,-2.5
-2.3973,-2.2964,-2.4982
-2.3946,-2.2928,-2.4964
-2.3919,-2.2892,-2.4946
-2.3892,-2.2856,-2.4928
-2.3865,-2.282,-2.491
-2.3838,-2.2784,-2.4892
-2.3811,-2.2748,-2.4874
-2.3784,-2.2712,-2.4856
-2.3757,-2.2676,-2.4838
-2.373,-2.264,-2.482
-2.3703,-2.2604,-2.4802
-2.3676,-2.2568,-2.4784
-2.3649,-2.2532,-2.4766
-2.3622,-2.2495,-2.4748
-2.3595,-2.2459,-2.473
-2.3568,-2.2423,-2.4712
-2.3541,-2.2387,-2.4694
-2.3514,-2.2351,-2.4676
-2.3486,-2.2315,-2.4658
-2.3459,-2.2279,-2.464
-2.3432,-2.2243,-2.4622
-2.3405,-2.2207,-2.4604
-2.3378,-2.2171,-2.4586
-2.3351,-2.2135,-2.4568
-2.3324,-2.2099,-2.455
-2.3297,-2.2063,-2.4532
-2.327,-2.2027,-2.4514
-2.3243,-2.1991,-2.4495
-2.3216,-2.1955,-2.4477
-2.3189,-2.1919,-2.4459
-2.3162,-2.1883,-2.4441
-2.3135,-2.1847,-2.4423
-2.3108,-2.1811,-2.4405
-2.3081,-2.1775,-2.4387
-2.3054,-2.1739,-2.4369
-2.3027,-2.1703,-2.4351
-2.3,-2.1667,-2.4333
-2.2973,-2.1631,-2.4315
-2.2946,-2.1595,-2.4297
-2.2919,-2.1559,-2.4279
-2.2892,-2.1523,-2.4261
-2.2865,-2.1486,-2.4243
-2.2838,-2.145,-2.4225
-2.2811,-2.1414,-2.4207
-2.2784,-2.1378,-2.4189
-2.2757,-2.1342,-2.4171
-2.273,-2.1306,-2.4153
-2.2703,-2.127,-2.4135
-2.2676,-2.1234,-2.4117
-2.2649,-2.1198,-2.4099
-2.2622,-2.1162,-2.4081
-2.2595,-2.1126,-2.4063
-2.2568,-2.109,-2.4045
-2.2541,-2.1054,-2.4027
-2.2514,-2.1018,-2.4009
-2.2486,-2.0982,-2.3991
-2.2459,-2.0946,-2.3973
-2.2432,-2.091,-2.3955
-2.2405,-2.0874,-2.3937
-2.2378,-2.0838,-2.3919
-2.2351,-2.0802,-2.3901
-2.2324,-2.0766,-2.3883
-2.2297,-2.073,-2.3865
-2.227,-2.0694,-2.3847
-2.2243,-2.0658,-2.3829
-2.2216,-2.0622,-2.3811
-2.2189,-2.0586,-2.3793
-2.2162,-2.055,-2.3775
-2.2135,-2.0514,-2.3757
-2.2108,-2.0477,-2.3739
-2.2081,-2.0441,-2.3721
-2.2054,-2.0405,-2.3703
-2.2027,-2.0369,-2.3685
-2.2,-2.0333,-2.3667
-2.1973,-2.0297,-2.3649
-2.1946,-2.0261,-2.3631
-2.1919,-2.0225,-2.3613
-2.1892,-2.0189,-2.3595
-2.1865,-2.0153,-2.3577
-2.1838,-2.0117,-2.3559
-2.1811,-2.0081,-2.3541
-2.1784,-2.0045,-2.3523
-2.1757,-2.0009,-2.3505
-2.173,-1.9973,-2.3486
-2.1703,-1.9937,-2.3468
-2.1676,-1.9901,-2.345
-2.1649,-1.9865,-2.3432
-2.1622,-1.9829,-2.3414
-2.1595,-1.9793,-2.3396
-2.1568,-1.9757,-2.3378
-2.1541,-1.9721,-2.336
-2.1514,-1.9685,-2.3342
-2.1486,-1.9649,-2.3324
-2.1459,-1.9613,-2.3306
-2.1432,-1.9577,-2.3288
-2.1405,-1.9541,-2.327
-2.1378,-1.9505,-2.3252
-2.1351,-1.9468,-2.3234
-2.1324,-1.9432,-2.3216
-2.1297,-1.9396,-2.3198
-2.127,-1.936,-2.318
-2.1243,-1.9324,-2.3162
-2.1216,-1.9288,-2.3144
-2.1189,-1.9252,-2.3126
-2.1162,-1.9216,-2.3108
-2.1135,-1.918,-2.309
-2.1108,-1.9144,-2.3072
-2.1081,-1.9108,-2.3054
-2.1054,-1.9072,-2.3036
-2.1027,-1.9036,-2.3018
-2.1,-1.9,-2.3
-2.0973,-1.8964,-2.2982
-2.0946,-1.8928,-2.2964
-2.0919,-1.8892,-2.2946
-2.0892,-1.8856,-2.2928
-2.0865,-1.882,-2.291
-2.0838,-1.8784,-2.2892
-2.0811,-1.8748,-2.2874
-2.0784,-1.8712,-2.2856
-2.0757,-1.8676,-2.2838
-2.073,-1.864,-2.282
-2.0703,-1.8604,-2.2802
-2.0676,-1.8568,-2.2784
-2.0649,-1.8532,-2.2766
-2.0622,-1.8495,-2.2748
-2.0595,-1.8459,-2.273
-2.0568,-1.8423,-2.2712
-2.0541,-1.8387,-2.2694
-2.0514,-1.8351,-2.2676
-2.0486,-1.8315,-2.2658
-2.0459,-1.8279,-2.264
-2.0432,-1.8243,-2.2622
-2.0405,-1.8207,-2.2604
-2.0378,-1.8171,-2.2586
-2.0351,-1.8135,-2.2568
-2.0324,-1.8099,-2.255
-2.0297,-1.8063,-2.2532
-2.027,-1.8027,-2.2514
-2.0243,-1.7991,-2.2495
-2.0216,-1.7955,-2.2477
-2.0189,-1.7919,-2.2459
-2.0162,-1.7883,-2.2441
-2.0135,-1.7847,-2.2423
-2.0108,-1.7811,-2.2405
-2.0081,-1.7775,-2.2387
-2.0054,-1.7739,-2.2369
-2.0027,-1.7703,-2.2351
-2,-1.7667,-2.2333
-1.9973,-1.7631,-2.2315
-1.9946,-1.7595,-2.2297
-1.9919,-1.7559,-2.2279
-1.9892,-1.7523,-2.2261
-1.9865,-1.7486,-2.2243
-1.9838,-1.745,-2.2225
-1.9811,-1.7414,-2.2207
-1.9784,-1.7378,-2.2189
-1.9757,-1.7342,-2.2171
-1.973,-1.7306,-2.2153
-1.9703,-1.727,-2.2135
-1.9676,-1.7234,-2.2117
-1.9649,-1.7198,-2.2099
-1.9622,-1.7162,-2.2081
-1.9595,-1.7126,-2.2063
-1.9568,-1.709,-2.2045
-1.9541,-1.7054,-2.2027
-1.9514,-1.7018,-2.2009
-1.9486,-1.6982,-2.1991
-1.9459,-1.6946,-2.1973
-1.9432,-1.691,-2.1955
-1.9405,-1.6874,-2.1937
-1.9378,-1.6838,-2.1919
-1.9351,-1.6802,-2.1901
-1.9324,-1.6766,-2.1883
-1.9297,-1.673,-2.1865
-1.927,-1.6694,-2.1847
-1.9243,-1.6658,-2.1829
-1.9216,-1.6622,-2.1811
-1.9189,-1.6586,-2.1793
-1.9162,-1.655,-2.1775
-1.9135,-1.6514,-2.1757
-1.9108,-1.6477,-2.1739
-1.9081,-1.6441,-2.1721
-1.9054,-1.6405,-2.1703
-1.9027,-1.6369,-2.1685
-1.9,-1.6333,-2.1667
-1.8973,-1.6297,-2.1649
-1.8946,-1.6261,-2.1631
-1.8919,-1.6225,-2.1613
-1.8892,-1.6189,-2.1595
-1.8865,-1.6153,-2.1577
-1.8838,-1.6117,-2.1559
-1.8811,-1.6081,-2.1541
-1.8784,-1.6045,-2.1523
-1.8757,-1.6009,-2.1505
-1.873,-1.5973,-2.1486
-1.8703,-1.5937,-2.1468
-1.8676,-1.5901,-2.145
-1.8649,-1.5865,-2.1432
-1.8622,-1.5829,-2.1414
-1.8595,-1.5793,-2.1396
-1.8568,-1.5757,-2.1378
-1.8541,-1.5721,-2.136
-1.8514,-1.5685,-2.1342
-1.8486,-1.5649,-2.1324
-1.8459,-1.5613,-2.1306
-1.8432,-1.5577,-2.1288
-1.8405,-1.5541,-2.127
-1.8378,-1.5505,-2.1252
-1.8351,-1.5468,-2.1234
-1.8324,-1.5432,-2.1216
-1.8297,-1.5396,-2.1198
-1.827,-1.536,-2.118
-1.8243,-1.5324,-2.1162
-1.8216,-1.5288,-2.1144
-1.8189,-1.5252,-2.1126
-1.8162,-1.5216,-2.1108
-1.8135,-1.518,-2.109
-1.8108,-1.5144,-2.1072
-1.8081,-1.5108,-2.1054
-1.8054,-1.5072,-2.1036
-1.8027,-1.5036,-2.1018
-1.8,-1.5,-2.1
-1.7973,-1.4964,-2.0982
-1.7946,-1.4928,-2.0964
-1.7919,-1.4892,-2.0946
-1.7892,-1.4856,-2.0928
-1.7865,-1.482,-2.091
-1.7838,-1.4784,-2.0892
-1.7811,-1.4748,-2.0874
-1.7784,-1.4712,-2.0856
-1.7757,-1.4676,-2.0838
-1.773,-1.464,-2.082
-1.7703,-1.4604,-2.0802
-1.7676,-1.4568,-2.0784
-1.7649,-1.4532,-2.0766
-1.7622,-1.4495,-2.0748
-1.7595,-1.4459,-2.073
-1.7568,-1.4423,-2.0712
-1.7541,-1.4387,-2.0694
-1.7514,-1.4351,-2.0676
-1.7486,-1.4315,-2.0658
-1.7459,-1.4279,-2.064
-1.7432,-1.4243,-2.0622
-1.7405,-1.4207,-2.0604
-1.7378,-1.4171,-2.0586
-1.7351,-1.4135,-2.0568
-1.7324,-1.4099,-2.055
-1.7297,-1.4063,-2.0532
-1.727,-1.4027,-2.0514
-1.7243,-1.3991,-2.0495
-1.7216,-1.3955,-2.0477
-1.7189,-1.3919,-2.0459
-1.7162,-1.3883,-2.0441
-1.7135,-1.3847,-2.0423
-1.7108,-1.3811,-2.0405
-1.7081,-1.3775,-2.0387
-1.7054,-1.3739,-2.0369
-1.7027,-1.3703,-2.0351
-1.7,-1.3667,-2.0333
-1.6973,-1.3631,-2.0315
-1.6946,-1.3595,-2.0297
-1.6919,-1.3559,-2.0279
-1.6892,-1.3523,-2.0261
-1.6865,-1.3486,-2.0243
-1.6838,-1.345,-2.0225
-1.6811,-1.3414,-2.0207
-1.6784,-1.3378,-2.0189
-1.6757,-1.3342,-2.0171
-1.673,-1.3306,-2.0153
-1.6703,-1.327,-2.0135
-1.6676,-1.3234,-2.0117
-1.6649,-1.3198,-2.0099
-1.6622,-1.3162,-2.0081
-1.6595,-1.3126,-2.0063
-1.6568,-1.309,-2.0045
-1.6541,-1.3054,-2.0027
-1.6514,-1.3018,-2.0009
-1.6486,-1.2982,-1.9991
-1.6459,-1.2946,-1.9973
-1.6432,-1.291,-1.9955
-1.6405,-1.2874,-1.9937
-1.6378,-1.2838,-1.9919
-1.6351,-1.2802,-1.9901
-1.6324,-1.2766,-1.9883
-1.6297,-1.273,-1.9865
-1.627,-1.2694,-1.9847
-1.6243,-1.2658,-1.9829
-1.6216,-1.2622,-1.9811
-1.6189,-1.2586,-1.9793
-1.6162,-1.255,-1.9775
-1.6135,-1.2514,-1.9757
-1.6108,-1.2477,-1.9739
-1.6081,-1.2441,-1.9721
-1.6054,-1.2405,-1.9703
-1.6027,-1.2369,-1.9685
-1.6,-1.2333,-1.9667
-1.5973,-1.2297,-1.9649
-1.5946,-1.2261,-1.9631
-1.5919,-1.2225,-1.9613
-1.5892,-1.2189,-1.9595
-1.5865,-1.2153,-1.9577
-1.5838,-1.2117,-1.9559
-1.5811,-1.2081,-1.9541
-1.5784,-1.2045,-1.9523
-1.5757,-1.2009,-1.9505
-1.573,-1.1973,-1.9486
-1.5703,-1.1937,-1.9468
-1.5676,-1.1901,-1.945
-1.5649,-1.1865,-1.9432
-1.5622,-1.1829,-1.9414
-1.5595,-1.1793,-1.9396
-1.5568,-1.1757,-1.9378
-1.5541,-1.1721,-1.936
-1.5514,-1.1685,-1.9342
-1.5486,-1.1649,-1.9324
-1.5459,-1.1613,-1.9306
-1.5432,-1.1577,-1.9288
-1.5405,-1.1541,-1.927
-1.5378,-1.1505,-1.9252
-1.5351,-1.1468,-1.9234
-1.5324,-1.1432,-1.9216
-1.5297,-1.1396,-1.9198
-1.527,-1.136,-1.918
-1.5243,-1.1324,-1.9162
-1.5216,-1.1288,-1.9144
-1.5189,-1.1252,-1.9126
-1.5162,-1.1216,-1.9108
-1.5135,-1.118,-1.909
-1.5108,-1.1144,-1.9072
-1.5081,-1.1108,-1.9054
-1.5054,-1.1072,-1.9036
-1.5027,-1.1036,-1.9018
-1.5,-1.1,-1.9
-1.4973,-1.0964,-1.8982
-1.4946,-1.0928,-1.8964
-1.4919,-1.0892,-1.8946
-1.4892,-1.0856,-1.8928
-1.4865,-1.082,-1.891
-1.4838,-1.0784,-1.8892
-1.4811,-1.0748,-1.8874
-1.4784,-1.0712,-1.8856
-1.4757,-1.0676,-1.8838
-1.473,-1.064,-1.882
-1.4703,-1.0604,-1.8802
-1.4676,-1.0568,-1.8784
-1.4649,-1.0532,-1.8766
-1.4622,-1.0495,-1.8748
-1.4595,-1.0459,-1.873
-1.4568,-1.0423,-1.8712
-1.4541,-1.0387,-1.8694
-1.4514,-1.0351,-1.8676
-1.4486,-1.0315,-1.8658
-1.4459,-1.0279,-1.864
-1.4432,-1.0243,-1.8622
-1.4405,-1.0207,-1.8604
-1.4378,-1.0171,-1.8586
-1.4351,-1.0135,-1.8568
-1.4324,-1.0099,-1.855
-1.4297,-1.0063,-1.8532
-1.427,-1.0027,-1.8514
-1.4243,-0.9991,-1.8495
-1.4216,-0.9955,-1.8477
-1.4189,-0.99189,-1.8459
-1.4162,-0.98829,-1.8441
-1.4135,-0.98468,-1.8423
-1.4108,-0.98108,-1.8405
-1.4081,-0.97748,-1.8387
-1.4054,-0.97387,-1.8369
-1.4027,-0.97027,-1.8351
-1.4,-0.96667,-1.8333
-1.3973,-0.96309,-1.8315
-1.3946,-0.95956,-1.8296
-1.3919,-0.95607,-1.8277
-1.3892,-0.95264,-1.8257
-1.3865,-0.94926,-1.8237
-1.3838,-0.94592,-1.8216
-1.3811,-0.94263,-1.8195
-1.3784,-0.9394,-1.8174
-1.3757,-0.93621,-1.8151
-1.373,-0.93307,-1.8129
-1.3703,-0.92997,-1.8106
-1.3676,-0.92693,-1.8082
-1.3649,-0.92393,-1.8058
-1.3622,-0.92099,-1.8033
-1.3595,-0.91809,-1.8008
-1.3568,-0.91524,-1.7983
-1.3541,-0.91244,-1.7957
-1.3514,-0.90969,-1.793
-1.3486,-0.90699,-1.7903
-1.3459,-0.90433,-1.7876
-1.3432,-0.90173,-1.7848
-1.3405,-0.89917,-1.7819
-1.3378,-0.89666,-1.779
-1.3351,-0.89421,-1.7761
-1.3324,-0.89179,-1.7731
-1.3297,-0.88943,-1.77
-1.327,-0.88712,-1.7669
-1.3243,-0.88486,-1.7638
-1.3216,-0.88264,-1.7606
-1.3189,-0.88047,-1.7574
-1.3162,-0.87835,-1.7541
-1.3135,-0.87628,-1.7507
-1.3108,-0.87426,-1.7474
-1.3081,-0.87229,-1.7439
-1.3054,-0.87037,-1.7404
-1.3027,-0.86849,-1.7369
-1.3,-0.86667,-1.7333
-1.2973,-0.86486,-1.7297
-1.2946,-0.86306,-1.7261
-1.2919,-0.86126,-1.7225
-1.2892,-0.85946,-1.7189
-1.2865,-0.85766,-1.7153
-1.2838,-0.85586,-1.7117
-1.2811,-0.85405,-1.7081
-1.2784,-0.85225,-1.7045
-1.2757,-0.85045,-1.7009
-1.273,-0.84865,-1.6973
-1.2703,-0.84685,-1.6937
-1.2676,-0.84505,-1.6901
-1.2649,-0.84324,-1.6865
-1.2622,-0.84144,-1.6829
-1.2595,-0.83964,-1.6793
-1.2568,-0.83784,-1.6757
-1.2541,-0.83604,-1.6721
-1.2514,-0.83423,-1.6685
-1.2486,-0.83243,-1.6649
-1.2459,-0.83063,-1.6613
-1.2432,-0.82883,-1.6577
-1.2405,-0.82703,-1.6541
-1.2378,-0.82523,-1.6505
-1.2351,-0.82342,-1.6468
-1.2324,-0.82162,-1.6432
-1.2297,-0.81982,-1.6396
-1.227,-0.81802,-1.636
-1.2243,-0.81622,-1.6324
-1.2216,-0.81441,-1.6288
-1.2189,-0.81261,-1.6252
-1.2162,-0.81081,-1.6216
-1.2135,-0.80901,-1.618
-1.2108,-0.80721,-1.6144
-1.2081,-0.80541,-1.6108
-1.2054,-0.8036,-1.6072
-1.2027,-0.8018,-1.6036
-1.2,-0.8,-1.6
-1.1973,-0.7982,-1.5964
-1.1946,-0.7964,-1.5928
-1.1919,-0.79459,-1.5892
-1.1892,-0.79279,-1.5856
-1.1865,-0.79099,-1.582
-1.1838,-0.78919,-1.5784
-1.1811,-0.78739,-1.5748
-1.1784,-0.78559,-1.5712
-1.1757,-0.78378,-1.5676
-1.173,-0.78198,-1.564
-1.1703,-0.78018,-1.5604
-1.1676,-0.77838,-1.5568
-1.1649,-0.77658,-1.5532
-1.1622,-0.77477,-1.5495
-1.1595,-0.77297,-1.5459
-1.1568,-0.77117,-1.5423
-1.1541,-0.76937,-1.5387
-1.1514,-0.76757,-1.5351
-1.1486,-0.76577,-1.5315
-1.1459,-0.76396,-1.5279
-1.1432,-0.76216,-1.5243
-1.1405,-0.76036,-1.5207
-1.1378,-0.75856,-1.5171
-1.1351,-0.75676,-1.5135
-1.1324,-0.75495,-1.5099
-1.1297,-0.75315,-1.5063
-1.127,-0.75135,-1.5027
-1.1243,-0.74955,-1.4991
-1.1216,-0.74775,-1.4955
-1.1189,-0.74595,-1.4919
-1.1162,-0.74414,-1.4883
-1.1135,-0.74234,-1.4847
-1.1108,-0.74054,-1.4811
-1.1081,-0.73874,-1.4775
-1.1054,-0.73694,-1.4739
-1.1027,-0.73514,-1.4703
-1.1,-0.73333,-1.4667
-1.0973,-0.73153,-1.4631
-1.0946,-0.72973,-1.4595
-1.0919,-0.72793,-1.4559
-1.0892,-0.72613,-1.4523
-1.0865,-0.72432,-1.4486
-1.0838,-0.72252,-1.445
-1.0811,-0.72072,-1.4414
-1.0784,-0.71892,-1.4378
-1.0757,-0.71712,-1.4342
-1.073,-0.71532,-1.4306
-1.0703,-0.71351,-1.427
-1.0676,-0.71171,-1.4234
-1.0649,-0.70991,-1.4198
-1.0622,-0.70811,-1.4162
-1.0595,-0.70631,-1.4126
-1.0568,-0.7045,-1.409
-1.0541,-0.7027,-1.4054
-1.0514,-0.7009,-1.4018
-1.0486,-0.6991,-1.3982
-1.0459,-0.6973,-1.3946
-1.0432,-0.6955,-1.391
-1.0405,-0.69369,-1.3874
-1.0378,-0.69189,-1.3838
-1.0351,-0.69009,-1.3802
-1.0324,-0.68829,-1.3766
-1.0297,-0.68649,-1.373
-1.027,-0.68468,-1.3694
-1.0243,-0.68288,-1.3658
-1.0216,-0.68108,-1.3622
-1.0189,-0.67928,-1.3586
-1.0162,-0.67748,-1.355
-1.0135,-0.67568,-1.3514
-1.0108,-0.67387,-1.3477
-1.0081,-0.67207,-1.3441
-1.0054,-0.67027,-1.3405
-1.0027,-0.66847,-1.3369
-1,-0.66667,-1.3333
-0.9973,-0.66486,-1.3297
-0.99459,-0.66306,-1.3261
-0.99189,-0.66126,-1.3225
-0.98919,-0.65946,-1.3189
-0.98649,-0.65766,-1.3153
-0.98378,-0.65586,-1.3117
-0.98108,-0.65405,-1.3081
-0.97838,-0.65225,-1.3045
-0.97568,-0.65045,-1.3009
-0.97297,-0.64865,-1.2973
-0.97027,-0.64685,-1.2937
-0.96757,-0.64505,-1.2901
-0.96486,-0.64324,-1.2865
-0.96216,-0.64144,-1.2829
-0.95946,-0.63964,-1.2793
-0.95676,-0.63784,-1.2757
-0.95405,-0.63604,-1.2721
-0.95135,-0.63423,-1.2685
-0.94865,-0.63243,-1.2649
-0.94595,-0.63063,-1.2613
-0.94324,-0.62883,-1.2577
-0.94054,-0.62703,-1.2541
-0.93784,-0.62523,-1.2505
-0.93514,-0.62342,-1.2468
-0.93243,-0.62162,-1.2432
-0.92973,-0.61982,-1.2396
-0.92703,-0.61802,-1.236
-0.92432,-0.61622,-1.2324
-0.92162,-0.61441,-1.2288
-0.91892,-0.61261,-1.2252
-0.91622,-0.61081,-1.2216
-0.91351,-0.60901,-1.218
-0.91081,-0.60721,-1.2144
-0.90811,-0.60541,-1.2108
-0.90541,-0.6036,-1.2072
-0.9027,-0.6018,-1.2036
-0.9,-0.6,-1.2
-0.8973,-0.5982,-1.1964
-0.89459,-0.5964,-1.1928
-0.89189,-0.59459,-1.1892
-0.88919,-0.59279,-1.1856
-0.88649,-0.59099,-1.182
-0.88378,-0.58919,-1.1784
-0.88108,-0.58739,-1.1748
-0.87838,-0.58559,-1.1712
-0.87568,-0.58378,-1.1676
-0.87297,-0.58198,-1.164
-0.87027,-0.58018,-1.1604
-0.86757,-0.57838,-1.1568
-0.86486,-0.57658,-1.1532
-0.86216,-0.57477,-1.1495
-0.85946,-0.57297,-1.1459
-0.85676,-0.57117,-1.1423
-0.85405,-0.56937,-1.1387
-0.85135,-0.56757,-1.1351
-0.84865,-0.56577,-1.1315
-0.84595,-0.56396,-1.1279
-0.84324,-0.56216,-1.1243
-0.84054,-0.56036,-1.1207
-0.83784,-0.55856,-1.1171
-0.83514,-0.55676,-1.1135
-0.83243,-0.55495,-1.1099
-0.82973,-0.55315,-1.1063
-0.82703,-0.55135,-1.1027
-0.82432,-0.54955,-1.0991
-0.82162,-0.54775,-1.0955
-0.81892,-0.54595,-1.0919
-0.81622,-0.54414,-1.0883
-0.81351,-0.54234,-1.0847
-0.81081,-0.54054,-1.0811
-0.80811,-0.53874,-1.0775
-0.80541,-0.53694,-1.0739
-0.8027,-0.53514,-1.0703
-0.8,-0.53333,-1.0667
-0.7973,-0.53153,-1.0631
-0.79459,-0.52973,-1.0595
-0.79189,-0.52793,-1.0559
-0.78919,-0.52613,-1.0523
-0.78649,-0.52432,-1.0486
-0.78378,-0.52252,-1.045
-0.78108,-0.52072,-1.0414
-0.77838,-0.51892,-1.0378
-0.77568,-0.51712,-1.0342
-0.77297,-0.51532,-1.0306
-0.77027,-0.51351,-1.027
-0.76757,-0.51171,-1.0234
-0.76486,-0.50991,-1.0198
-0.76216,-0.50811,-1.0162
-0.75946,-0.50631,-1.0126
-0.75676,-0.5045,-1.009
-0.75405,-0.5027,-1.0054
-0.75135,-0.5009,-1.0018
-0.74865,-0.4991,-0.9982
-0.74595,-0.4973,-0.99459
-0.74324,-0.4955,-0.99099
-0.74054,-0.49369,-0.98739
-0.73784,-0.49189,-0.98378
-0.73514,-0.49009,-0.98018
-0.73243,-0.48829,-0.97658
-0.72973,-0.48649,-0.97297
-0.72703,-0.48468,-0.96937
-0.72432,-0.48288,-0.96577
-0.72162,-0.48108,-0.96216
-0.71892,-0.47928,-0.95856
-0.71622,-0.47748,-0.95495
-0.71351,-0.47568,-0.95135
-0.71081,-0.47387,-0.94775
-0.70811,-0.47207,-0.94414
-0.70541,-0.47027,-0.94054
-0.7027,-0.46847,-0.93694
-0.7,-0.46667,-0.93333
-0.6973,-0.46486,-0.92973
-0.69459,-0.46306,-0.92613
-0.69189,-0.46126,-0.92252
-0.68919,-0.45946,-0.91892
-0.68649,-0.45766,-0.91532
-0.68378,-0.45586,-0.91171
-0.68108,-0.45405,-0.90811
-0.67838,-0.45225,-0.9045
-0.67568,-0.45045,-0.9009
-0.67297,-0.44865,-0.8973
-0.67027,-0.44685,-0.89369
-0.66757,-0.44505,-0.89009
-0.66486,-0.44324,-0.88649
-0.66216,-0.44144,-0.88288
-0.65946,-0.43964,-0.87928
-0.65676,-0.43784,-0.87568
-0.65405,-0.43604,-0.87207
-0.65135,-0.43423,-0.86847
-0.64865,-0.43243,-0.86486
-0.64595,-0.43063,-0.86126
-0.64324,-0.42883,-0.85766
-0.64054,-0.42703,-0.85405
-0.63784,-0.42523,-0.85045
-0.63514,-0.42342,-0.84685
-0.63243,-0.42162,-0.84324
-0.62973,-0.41982,-0.83964
-0.62703,-0.41802,-0.83604
-0.62432,-0.41622,-0.83243
-0.62162,-0.41441,-0.82883
-0.61892,-0.41261,-0.82523
-0.61622,-0.41081,-0.82162
-0.61351,-0.40901,-0.81802
-0.61081,-0.40721,-0.81441
-0.60811,-0.40541,-0.81081
-0.60541,-0.4036,-0.80721
-0.6027,-0.4018,-0.8036
-0.6,-0.4,-0.8
-0.5973,-0.3982,-0.7964
-0.59459,-0.3964,-0.79279
-0.59189,-0.39459,-0.78919
-0.58919,-0.39279,-0.78559
-0.58649,-0.39099,-0.78198
-0.58378,-0.38919,-0.77838
-0.58108,-0.38739,-0.77477
-0.57838,-0.38559,-0.77117
-0.57568,-0.38378,-0.76757
-0.57297,-0.38198,-0.76396
-0.57027,-0.38018,-0.76036
-0.56757,-0.37838,-0.75676
-0.56486,-0.37658,-0.75315
-0.56216,-0.37477,-0.74955
-0.55946,-0.37297,-0.74595
-0.55676,-0.37117,-0.74234
-0.55405,-0.36937,-0.73874
-0.55135,-0.36757,-0.73514
-0.54865,-0.36577,-0.73153
-0.54595,-0.36396,-0.72793
-0.54324,-0.36216,-0.72432
-0.54054,-0.36036,-0.72072
-0.53784,-0.35856,-0.71712
-0.53514,-0.35676,-0.71351
-0.53243,-0.35495,-0.70991
-0.52973,-0.35315,-0.70631
-0.52703,-0.35135,-0.7027
-0.52432,-0.34955,-0.6991
-0.52162,-0.34775,-0.6955
-0.51892,-0.34595,-0.69189
-0.51622,-0.34414,-0.68829
-0.51351,-0.34234,-0.68468
-0.51081,-0.34054,-0.68108
-0.50811,-0.33874,-0.67748
-0.50541,-0.33694,-0.67387
-0.5027,-0.33514,-0.67027
-0.5,-0.33333,-0.66667
-0.4973,-0.33153,-0.66306
-0.49459,-0.32973,-0.65946
-0.49189,-0.32793,-0.65586
-0.48919,-0.32613,-0.65225
-0.48649,-0.32432,-0.64865
-0.48378,-0.32252,-0.64505
-0.48108,-0.32072,-0.64144
-0.47838,-0.31892,-0.63784
-0.47568,-0.31712,-0.63423
-0.47297,-0.31532,-0.63063
-0.47027,-0.31351,-0.62703
-0.46757,-0.31171,-0.62342
-0.46486,-0.30991,-0.61982
-0.46216,-0.30811,-0.61622
-0.45946,-0.30631,-0.61261
-0.45676,-0.3045,-0.60901
-0.45405,-0.3027,-0.60541
-0.45135,-0.3009,-0.6018
-0.44865,-0.2991,-0.5982
-0.44595,-0.2973,-0.59459
-0.44324,-0.2955,-0.59099
-0.44054,-0.29369,-0.58739
-0.43784,-0.29189,-0.58378
-0.43514,-0.29009,-0.58018
-0.43243,-0.28829,-0.57658
-0.42973,-0.28649,-0.57297
-0.42703,-0.28468,-0.56937
-0.42432,-0.28288,-0.56577
-0.42162,-0.28108,-0.56216
-0.41892,-0.27928,-0.55856
-0.41622,-0.27748,-0.55495
-0.41351,-0.27568,-0.55135
-0.41081,-0.27387,-0.54775
-0.40811,-0.27207,-0.54414
-0.40541,-0.27027,-0.54054
-0.4027,-0.26847,-0.53694
-0.4,-0.26667,-0.53333
-0.3973,-0.26486,-0.52973
-0.39459,-0.26306,-0.52613
-0.39189,-0.26126,-0.52252
-0.38919,-0.25946,-0.51892
-0.38649,-0.25766,-0.51532
-0.38378,-0.25586,-0.51171
-0.38108,-0.25405,-0.50811
-0.37838,-0.25225,-0.5045
-0.37568,-0.25045,-0.5009
-0.37297,-0.24865,-0.4973
-0.37027,-0.24685,-0.49369
-0.36757,-0.24505,-0.49009
-0.36486,-0.24324,-0.48649
-0.36216,-0.24144,-0.48288
-0.35946,-0.23964,-0.47928
-0.35676,-0.23784,-0.47568
-0.35405,-0.23604,-0.47207
-0.35135,-0.23423,-0.46847
-0.34865,-0.23243,-0.46486
-0.34595,-0.23063,-0.46126
-0.34324,-0.22883,-0.45766
-0.34054,-0.22703,-0.45405
-0.33784,-0.22523,-0.45045
-0.33514,-0.22342,-0.44685
-0.33243,-0.22162,-0.44324
-0.32973,-0.21982,-0.43964
-0.32703,-0.21802,-0.43604
-0.32432,-0.21622,-0.43243
-0.32162,-0.21441,-0.42883
-0.31892,-0.21261,-0.42523
-0.31622,-0.21081,-0.42162
-0.31351,-0.20901,-0.41802
-0.31081,-0.20721,-0.41441
-0.30811,-0.20541,-0.41081
-0.30541,-0.2036,-0.40721
-0.3027,-0.2018,-0.4036
-0.3,-0.2,-0.4
-0.2973,-0.1982,-0.3964
-0.29459,-0.1964,-0.39279
-0.29189,-0.19459,-0.38919
-0.28919,-0.19279,-0.38559
-0.28649,-0.19099,-0.38198
-0.28378,-0.18919,-0.37838
-0.28108,-0.18739,-0.37477
-0.27838,-0.18559,-0.37117
-0.27568,-0.18378,-0.36757
-0.27297,-0.18198,-0.36396
-0.27027,-0.18018,-0.36036
-0.26757,-0.17838,-0.35676
-0.26486,-0.17658,-0.35315
-0.26216,-0.17477,-0.34955
-0.25946,-0.17297,-0.34595
-0.25676,-0.17117,-0.34234
-0.25405,-0.16937,-0.33874
-0.25135,-0.16757,-0.33514
-0.24865,-0.16577,-0.33153
-0.24595,-0.16396,-0.32793
-0.24324,-0.16216,-0.32432
-0.24054,-0.16036,-0.32072
-0.23784,-0.15856,-0.31712
-0.23514,-0.15676,-0.31351
-0.23243,-0.15495,-0.30991
-0.22973,-0.15315,-0.30631
-0.22703,-0.15135,-0.3027
-0.22432,-0.14955,-0.2991
-0.22162,-0.14775,-0.2955
-0.21892,-0.14595,-0.29189
-0.21622,-0.14414,-0.28829
-0.21351,-0.14234,-0.28468
-0.21081,-0.14054,-0.28108
-0.20811,-0.13874,-0.27748
-0.20541,-0.13694,-0.27387
-0.2027,-0.13514,-0.27027
-0.2,-0.13333,-0.26667
-0.1973,-0.13153,-0.26306
-0.19459,-0.12973,-0.25946
-0.19189,-0.12793,-0.25586
-0.18919,-0.12613,-0.25225
-0.18649,-0.12432,-0.24865
-0.18378,-0.12252,-0.24505
-0.18108,-0.12072,-0.24144
-0.17838,-0.11892,-0.23784
-0.17568,-0.11712,-0.23423
-0.17297,-0.11532,-0.23063
-0.17027,-0.11351,-0.22703
-0.16757,-0.11171,-0.22342
-0.16486,-0.10991,-0.21982
-0.16216,-0.10811,-0.21622
-0.15946,-0.10631,-0.21261
-0.15676,-0.1045,-0.20901
-0.15405,-0.1027,-0.20541
-0.15135,-0.1009,-0.2018
-0.14865,-0.099099,-0.1982
-0.14595,-0.097297,-0.19459
-0.14324,-0.095495,-0.19099
-0.14054,-0.093694,-0.18739
-0.13784,-0.091892,-0.18378
-0.13514,-0.09009,-0.18018
-0.13243,-0.088288,-0.17658
-0.12973,-0.086486,-0.17297
-0.12703,-0.084685,-0.16937
-0.12432,-0.082883,-0.16577
-0.12162,-0.081081,-0.16216
-0.11892,-0.079279,-0.15856
-0.11622,-0.077477,-0.15495
-0.11351,-0.075676,-0.15135
-0.11081,-0.073874,-0.14775
-0.10811,-0.072072,-0.14414
-0.10541,-0.07027,-0.14054
-0.1027,-0.068468,-0.13694
-0.1,-0.066667,-0.13333
-0.097297,-0.064865,-0.12973
-0.094595,-0.063063,-0.12613
-0.091892,-0.061261,-0.12252
-0.089189,-0.059459,-0.11892
-0.086486,-0.057658,-0.11532
-0.083784,-0.055856,-0.11171
-0.081081,-0.054054,-0.10811
-0.078378,-0.052252,-0.1045
-0.075676,-0.05045,-0.1009
-0.072973,-0.048649,-0.097297
-0.07027,-0.046847,-0.093694
-0.067568,-0.045045,-0.09009
-0.064865,-0.043243,-0.086486
-0.062162,-0.041441,-0.082883
-0.059459,-0.03964,-0.079279
-0.056757,-0.037838,-0.075676
-0.054054,-0.036036,-0.072072
-0.051351,-0.034234,-0.068468
-0.048649,-0.032432,-0.064865
-0.045946,-0.030631,-0.061261
-0.043243,-0.028829,-0.057658
-0.040541,-0.027027,-0.054054
-0.037838,-0.025225,-0.05045
-0.035135,-0.023423,-0.046847
-0.032432,-0.021622,-0.043243
-0.02973,-0.01982,-0.03964
-0.027027,-0.018018,-0.036036
-0.024324,-0.016216,-0.032432
-0.021622,-0.014414,-0.028829
-0.018919,-0.012613,-0.025225
-0.016216,-0.010811,-0.021622
-0.013514,-0.009009,-0.018018
-0.010811,-0.0072072,-0.014414
-0.0081081,-0.0054054,-0.010811
-0.0054054,-0.0036036,-0.0072072
-0.0027027,-0.0018018,-0.0036036
0,0,0
