-2.7,-2.7,-2.7
-2.6973,-2.6963,-2.6983
-2.6946,-2.6926,-2.6966
-2.6919,-2.6889,-2.6949
-2.6892,-2.6852,-2.6932
-2.6865,-2.6815,-2.6915
-2.6838,-2.6778,-2.6898
-2.6811,-2.6741,-2.6881
-2.6784,-2.6704,-2.6864
-2.6757,-2.6667,-2.6847
-2.673,-2.663,-2.683
-2.6703,-2.6593,-2.6813
-2.6676,-2.6556,-2.6796
-2.6649,-2.6519,-2.6779
-2.6622,-2.6481,-2.6762
-2.6595,-2.6444,-2.6745
-2.6568,-2.6407,-2.6728
-2.6541,-2.637,-2.6711
-2.6514,-2.6333,-2.6694
-2.6486,-2.6296,-2.6677
-2.6459,-2.6259,-2.666
-2.6432,-2.6222,-2.6643
-2.6405,-2.6185,-2.6626
-2.6378,-2.6148,-2.6609
-2.6351,-2.6111,-2.6592
-2.6324,-2.6074,-2.6575
-2.6297,-2.6037,-2.6558
-2.627,-2.6,-2.6541
-2.6243,-2.5963,-2.6524
-2.6216,-2.5926,-2.6507
-2.6189,-2.5889,-2.6489
-2.6162,-2.5852,-2.6472
-2.6135,-2.5815,-2.6455
-2.6108,-2.5778,-2.6438
-2.6081,-2.5741,-2.6421
-2.6054,-2.5704,-2.6404
-2.6027,-2.5667,-2.6387
-2.6,-2.563,-2.637
-2.5973,-2.5593,-2.6353
-2.5946,-2.5556,-2.6336
-2.5919,-2.5519,-2.6319
-2.5892,-2.5481,-2.6302
-2.5865,-2.5444,-2.6285
-2.5838,-2.5407,-2.6268
-2.5811,-2.537,-2.6251
-2.5784,-2.5333,-2.6234
-2.5757,-2.5296,-2.6217
-2.573,-2.5259,-2.62
-2.5703,-2.5222,-2.6183
-2.5676,-2.5185,-2.6166
-2.5649,-2.5148,-2.6149
-2.5622,-2.5111,-2.6132
-2.5595,-2.5074,-2.6115
-2.5568,-2.5037,-2.6098
-2.5541,-2.5,-2.6081
-2.5514,-2.4963,-2.6064
-2.5486,-2.4926,-2.6047
-2.5459,-2.4889,-2.603
-2.5432,-2.4852,-2.6013
-2.5405,-2.4815,-2.5996
-2.5378,-2.4778,-2.5979
-2.5351,-2.4741,-2.5962
-2.5324,-2.4704,-2.5945
-2.5297,-2.4667,-2.5928
-2.527,-2.463,-2.5911
-2.5243,-2.4593,-2.5894
-2.5216,-2.4556,-2.5877
-2.5189,-2.4519,-2.586
-2.5162,-2.4481,-2.5843
-2.5135,-2.4444,-2.5826
-2.5108,-2.4407,-2.5809
-2.5081,-2.437,-2.5792
-2.5054,-2.4333,-2.5775
-2.5027,-2.4296,-2.5758
-2.5,-2.4259,-2.5741
-2.4973,-2.4222,-2.5724
-2.4946,-2.4185,-2.5707
-2.4919,-2.4148,-2.569
-2.4892,-2.4111,-2.5673
-2.4865,-2.4074,-2.5656
-2.4838,-2.4037,-2.5639
-2.4811,-2.4,-2.5622
-2.4784,-2.3963,-2.5605
-2.4757,-2.3926,-2.5588
-2.473,-2.3889,-2.5571
-2.4703,-2.3852,-2.5554
-2.4676,-2.3815,-2.5537
-2.4649,-2.3778,-2.552
-2.4622,-2.3741,-2.5503
-2.4595,-2.3704,-2.5485
-2.4568,-2.3667,-2.5468
-2.4541,-2.363,-2.5451
-2.4514,-2.3593,-2.5434
-2.4486,-2.3556,-2.5417
-2.4459,-2.3519,-2.54
-2.4432,-2.3481,-2.5383
-2.4405,-2.3444,-2.5366
-2.4378,-2.3407,-2.5349
-2.4351,-2.337,-2.5332
-2.4324,-2.3333,-2.5315
-2.4297,-2.3296,-2.5298
-2.427,-2.3259,-2.5281
-2.4243,-2.3222,-2.5264
-2.4216,-2.3185,-2.5247
-2.4189,-2.3148,-2.523
-2.4162,-2.3111,-2.5213
-2.4135,-2.3074,-2.5196
-2.4108,-2.3037,-2.5179
-2.4081,-2.3,-2.5162
-2.4054,-2.2963,-2.5145
-2.4027,-2.2926,-2.5128
-2.4,-2.2889,-2.5111
-2.3973,-2.2852,-2.5094
-2.3946,-2.2815,-2.5077
-2.3919,-2.2778,-2.506
-2.3892,-2.2741,-2.5043
-2.3865,-2.2704,-2.5026
-2.3838,-2.2667,-2.5009
-2.3811,-2.263,-2.4992
-2.3784,-2.2593,-2.4975
-2.3757,-2.2556,-2.4958
-2.373,-2.2519,-2.4941
-2.3703,-2.2481,-2.4924
-2.3676,-2.2444,-2.4907
-2.3649,-2.2407,-2.489
-2.3622,-2.237,-2.4873
-2.3595,-2.2333,-2.4856
-2.3568,-2.2296,-2.4839
-2.3541,-2.2259,-2.4822
-2.3514,-2.2222,-2.4805
-2.3486,-2.2185,-2.4788
-2.3459,-2.2148,-2.4771
-2.3432,-2.2111,-2.4754
-2.3405,-2.2074,-2.4737
-2.3378,-2.2037,-2.472
-2.3351,-2.2,-2.4703
-2.3324,-2.1963,-2.4686
-2.3297,-2.1926,-2.4669
-2.327,-2.1889,-2.4652
-2.3243,-2.1852,-2.4635
-2.3216,-2.1815,-2.4618
-2.3189,-2.1778,-2.4601
-2.3162,-2.1741,-2.4584
-2.3135,-2.1704,-2.4567
-2.3108,-2.1667,-2.455
-2.3081,-2.163,-2.4533
-2.3054,-2.1593,-2.4516
-2.3027,-2.1556,-2.4498
-2.3,-2.1519,-2.4481
-2.2973,-2.1481,-2.4464
-2.2946,-2.1444,-2.4447
-2.2919,-2.1407,-2.443
-2.2892,-2.137,-2.4413
-2.2865,-2.1333,-2.4396
-2.2838,-2.1296,-2.4379
-2.2811,-2.1259,-2.4362
-2.2784,-2.1222,-2.4345
-2.2757,-2.1185,-2.4328
-2.273,-2.1148,-2.4311
-2.2703,-2.1111,-2.4294
-2.2676,-2.1074,-2.4277
-2.2649,-2.1037,-2.426
-2.2622,-2.1,-2.4243
-2.2595,-2.0963,-2.4226
-2.2568,-2.0926,-2.4209
-2.2541,-2.0889,-2.4192
-2.2514,-2.0852,-2.4175
-2.2486,-2.0815,-2.4158
-2.2459,-2.0778,-2.4141
-2.2432,-2.0741,-2.4124
-2.2405,-2.0704,-2.4107
-2.2378,-2.0667,-2.409
-2.2351,-2.063,-2.4073
-2.2324,-2.0593,-2.4056
-2.2297,-2.0556,-2.4039
-2.227,-2.0519,-2.4022
-2.2243,-2.0481,-2.4005
-2.2216,-2.0444,-2.3988
-2.2189,-2.0407,-2.3971
-2.2162,-2.037,-2.3954
-2.2135,-2.0333,-2.3937
-2.2108,-2.0296,-2.392
-2.2081,-2.0259,-2.3903
-2.2054,-2.0222,-2.3886
-2.2027,-2.0185,-2.3869
-2.2,-2.0148,-2.3852
-2.1973,-2.0111,-2.3835
-2.1946,-2.0074,-2.3818
-2.1919,-2.0037,-2.3801
-2.1892,-2,-2.3784
-2.1865,-1.9963,-2.3767
-2.1838,-1.9926,-2.375
-2.1811,-1.9889,-2.3733
-2.1784,-1.9852,-2.3716
-2.1757,-1.9815,-2.3699
-2.173,-1.9778,-2.3682
-2.1703,-1.9741,-2.3665
-2.1676,-1.9704,-2.3648
-2.1649,-1.9667,-2.3631
-2.1622,-1.963,-2.3614
-2.1595,-1.9593,-2.3597
-2.1568,-1.9556,-2.358
-2.1541,-1.9519,-2.3563
-2.1514,-1.9481,-2.3546
-2.1486,-1.9444,-2.3529
-2.1459,-1.9407,-2.3512
-2.1432,-1.937,-2.3494
-2.1405,-1.9333,-2.3477
-2.1378,-1.9296,-2.346
-2.1351,-1.9259,-2.3443
-2.1324,-1.9222,-2.3426
-2.1297,-1.9185,-2.3409
-2.127,-1.9148,-2.3392
-2.1243,-1.9111,-2.3375
-2.1216,-1.9074,-2.3358
-2.1189,-1.9037,-2.3341
-2.1162,-1.9,-2.3324
-2.1135,-1.8963,-2.3307
-2.1108,-1.8926,-2.329
-2.1081,-1.8889,-2.3273
-2.1054,-1.8852,-2.3256
-2.1027,-1.8815,-2.3239
-2.1,-1.8778,-2.3222
-2.0973,-1.8741,-2.3205
-2.0946,-1.8704,-2.3188
-2.0919,-1.8667,-2.3171
-2.0892,-1.863,-2.3154
-2.0865,-1.8593,-2.3137
-2.0838,-1.8556,-2.312
-2.0811,-1.8519,-2.3103
-2.0784,-1.8481,-2.3086
-2.0757,-1.8444,-2.3069
-2.073,-1.8407,-2.3052
-2.0703,-1.837,-2.3035
-2.0676,-1.8333,-2.3018
-2.0649,-1.8296,-2.3001
-2.0622,-1.8259,-2.2984
-2.0595,-1.8222,-2.2967
-2.0568,-1.8185,-2.295
-2.0541,-1.8148,-2.2933
-2.0514,-1.8111,-2.2916
-2.0486,-1.8074,-2.2899
-2.0459,-1.8037,-2.2882
-2.0432,-1.8,-2.2865
-2.0405,-1.7963,-2.2848
-2.0378,-1.7926,-2.2831
-2.0351,-1.7889,-2.2814
-2.0324,-1.7852,-2.2797
-2.0297,-1.7815,-2.278
-2.027,-1.7778,-2.2763
-2.0243,-1.7741,-2.2746
-2.0216,-1.7704,-2.2729
-2.0189,-1.7667,-2.2712
-2.0162,-1.763,-2.2695
-2.0135,-1.7593,-2.2678
-2.0108,-1.7556,-2.2661
-2.0081,-1.7519,-2.2644
-2.0054,-1.7481,-2.2627
-2.0027,-1.7444,-2.261
-2,-1.7407,-2.2593
-1.9973,-1.737,-2.2576
-1.9946,-1.7333,-2.2559
-1.9919,-1.7296,-2.2542
-1.9892,-1.7259,-2.2525
-1.9865,-1.7222,-2.2508
-1.9838,-1.7185,-2.249
-1.9811,-1.7148,-2.2473
-1.9784,-1.7111,-2.2456
-1.9757,-1.7074,-2.2439
-1.973,-1.7037,-2.2422
-1.9703,-1.7,-2.2405
-1.9676,-1.6963,-2.2388
-1.9649,-1.6926,-2.2371
-1.9622,-1.6889,-2.2354
-1.9595,-1.6852,-2.2337
-1.9568,-1.6815,-2.232
-1.9541,-1.6778,-2.2303
-1.9514,-1.6741,-2.2286
-1.9486,-1.6704,-2.2269
-1.9459,-1.6667,-2.2252
-1.9432,-1.663,-2.2235
-1.9405,-1.6593,-2.2218
-1.9378,-1.6556,-2.2201
-1.9351,-1.6519,-2.2184
-1.9324,-1.6481,-2.2167
-1.9297,-1.6444,-2.215
-1.927,-1.6407,-2.2133
-1.9243,-1.637,-2.2116
-1.9216,-1.6333,-2.2099
-1.9189,-1.6296,-2.2082
-1.9162,-1.6259,-2.2065
-1.9135,-1.6222,-2.2048
-1.9108,-1.6185,-2.2031
-1.9081,-1.6148,-2.2014
-1.9054,-1.6111,-2.1997
-1.9027,-1.6074,-2.198
-1.9,-1.6037,-2.1963
-1.8973,-1.6,-2.1946
-1.8946,-1.5963,-2.1929
-1.8919,-1.5926,-2.1912
-1.8892,-1.5889,-2.1895
-1.8865,-1.5852,-2.1878
-1.8838,-1.5815,-2.1861
-1.8811,-1.5778,-2.1844
-1.8784,-1.5741,-2.1827
-1.8757,-1.5704,-2.181
-1.873,-1.5667,-2.1793
-1.8703,-1.563,-2.1776
-1.8676,-1.5593,-2.1759
-1.8649,-1.5556,-2.1742
-1.8622,-1.5519,-2.1725
-1.8595,-1.5481,-2.1708
-1.8568,-1.5444,-2.1691
-1.8541,-1.5407,-2.1674
-1.8514,-1.537,-2.1657
-1.8486,-1.5333,-2.164
-1.8459,-1.5296,-2.1623
-1.8432,-1.5259,-2.1606
-1.8405,-1.5222,-2.1589
-1.8378,-1.5185,-2.1572
-1.8351,-1.5148,-2.1555
-1.8324,-1.5111,-2.1538
-1.8297,-1.5074,-2.1521
-1.827,-1.5037,-2.1504
-1.8243,-1.5,-2.1486
-1.8216,-1.4963,-2.1469
-1.8189,-1.4926,-2.1452
-1.8162,-1.4889,-2.1435
-1.8135,-1.4852,-2.1418
-1.8108,-1.4815,-2.1401
-1.8081,-1.4778,-2.1384
-1.8054,-1.4741,-2.1367
-1.8027,-1.4704,-2.135
-1.8,-1.4667,-2.1333
-1.7973,-1.463,-2.1316
-1.7946,-1.4593,-2.1299
-1.7919,-1.4556,-2.1282
-1.7892,-1.4519,-2.1265
-1.7865,-1.4481,-2.1248
-1.7838,-1.4444,-2.1231
-1.7811,-1.4407,-2.1214
-1.7784,-1.437,-2.1197
-1.7757,-1.4333,-2.118
-1.773,-1.4296,-2.1163
-1.7703,-1.4259,-2.1146
-1.7676,-1.4222,-2.1129
-1.7649,-1.4185,-2.1112
-1.7622,-1.4148,-2.1095
-1.7595,-1.4111,-2.1078
-1.7568,-1.4074,-2.1061
-1.7541,-1.4037,-2.1044
-1.7514,-1.4,-2.1027
-1.7486,-1.3963,-2.101
-1.7459,-1.3926,-2.0993
-1.7432,-1.3889,-2.0976
-1.7405,-1.3852,-2.0959
-1.7378,-1.3815,-2.0942
-1.7351,-1.3778,-2.0925
-1.7324,-1.3741,-2.0908
-1.7297,-1.3704,-2.0891
-1.727,-1.3667,-2.0874
-1.7243,-1.363,-2.0857
-1.7216,-1.3593,-2.084
-1.7189,-1.3556,-2.0823
-1.7162,-1.3519,-2.0806
-1.7135,-1.3481,-2.0789
-1.7108,-1.3444,-2.0772
-1.7081,-1.3407,-2.0755
-1.7054,-1.337,-2.0738
-1.7027,-1.3333,-2.0721
-1.7,-1.3296,-2.0704
-1.6973,-1.3259,-2.0687
-1.6946,-1.3222,-2.067
-1.6919,-1.3185,-2.0653
-1.6892,-1.3148,-2.0636
-1.6865,-1.3111,-2.0619
-1.6838,-1.3074,-2.0602
-1.6811,-1.3037,-2.0585
-1.6784,-1.3,-2.0568
-1.6757,-1.2963,-2.0551
-1.673,-1.2926,-2.0534
-1.6703,-1.2889,-2.0517
-1.6676,-1.2852,-2.0499
-1.6649,-1.2815,-2.0482
-1.6622,-1.2778,-2.0465
-1.6595,-1.2741,-2.0448
-1.6568,-1.2704,-2.0431
-1.6541,-1.2667,-2.0414
-1.6514,-1.263,-2.0397
-1.6486,-1.2593,-2.038
-1.6459,-1.2556,-2.0363
-1.6432,-1.2519,-2.0346
-1.6405,-1.2481,-2.0329
-1.6378,-1.2444,-2.0312
-1.6351,-1.2407,-2.0295
-1.6324,-1.237,-2.0278
-1.6297,-1.2333,-2.0261
-1.627,-1.2296,-2.0244
-1.6243,-1.2259,-2.0227
-1.6216,-1.2222,-2.021
-1.6189,-1.2185,-2.0193
-1.6162,-1.2148,-2.0176
-1.6135,-1.2111,-2.0159
-1.6108,-1.2074,-2.0142
-1.6081,-1.2037,-2.0125
-1.6054,-1.2,-2.0108
-1.6027,-1.1963,-2.0091
-1.6,-1.1926,-2.0074
-1.5973,-1.1889,-2.0057
-1.5946,-1.1852,-2.004
-1.5919,-1.1815,-2.0023
-1.5892,-1.1778,-2.0006
-1.5865,-1.1741,-1.9989
-1.5838,-1.1704,-1.9972
-1.5811,-1.1667,-1.9955
-1.5784,-1.163,-1.9938
-1.5757,-1.1593,-1.9921
-1.573,-1.1556,-1.9904
-1.5703,-1.1519,-1.9887
-1.5676,-1.1481,-1.987
-1.5649,-1.1444,-1.9853
-1.5622,-1.1407,-1.9836
-1.5595,-1.137,-1.9819
-1.5568,-1.1333,-1.9802
-1.5541,-1.1296,-1.9785
-1.5514,-1.1259,-1.9768
-1.5486,-1.1222,-1.9751
-1.5459,-1.1185,-1.9734
-1.5432,-1.1148,-1.9717
-1.5405,-1.1111,-1.97
-1.5378,-1.1074,-1.9683
-1.5351,-1.1037,-1.9666
-1.5324,-1.1,-1.9649
-1.5297,-1.0963,-1.9632
-1.527,-1.0926,-1.9615
-1.5243,-1.0889,-1.9598
-1.5216,-1.0852,-1.9581
-1.5189,-1.0815,-1.9564
-1.5162,-1.0778,-1.9547
-1.5135,-1.0741,-1.953
-1.5108,-1.0704,-1.9513
-1.5081,-1.0667,-1.9495
-1.5054,-1.063,-1.9478
-1.5027,-1.0593,-1.9461
-1.5,-1.0556,-1.9444
-1.4973,-1.0519,-1.9427
-1.4946,-1.0481,-1.941
-1.4919,-1.0444,-1.9393
-1.4892,-1.0407,-1.9376
-1.4865,-1.037,-1.9359
-1.4838,-1.0333,-1.9342
-1.4811,-1.0296,-1.9325
-1.4784,-1.0259,-1.9308
-1.4757,-1.0222,-1.9291
-1.473,-1.0185,-1.9274
-1.4703,-1.0148,-1.9257
-1.4676,-1.0111,-1.924
-1.4649,-1.0074,-1.9223
-1.4622,-1.0037,-1.9206
-1.4595,-1,-1.9189
-1.4568,-0.9963,-1.9172
-1.4541,-0.99259,-1.9155
-1.4514,-0.98889,-1.9138
-1.4486,-0.98519,-1.9121
-1.4459,-0.98148,-1.9104
-1.4432,-0.97778,-1.9087
-1.4405,-0.97407,-1.907
-1.4378,-0.97037,-1.9053
-1.4351,-0.96667,-1.9036
-1.4324,-0.96296,-1.9019
-1.4297,-0.95926,-1.9002
-1.427,-0.95556,-1.8985
-1.4243,-0.95185,-1.8968
-1.4216,-0.94815,-1.8951
-1.4189,-0.94444,-1.8934
-1.4162,-0.94074,-1.8917
-1.4135,-0.93704,-1.89
-1.4108,-0.93333,-1.8883
-1.4081,-0.92963,-1.8866
-1.4054,-0.92593,-1.8849
-1.4027,-0.92222,-1.8832
-1.4,-0.91852,-1.8815
-1.3973,-0.91484,-1.8798
-1.3946,-0.91122,-1.878
-1.3919,-0.90765,-1.8761
-1.3892,-0.90414,-1.8742
-1.3865,-0.90068,-1.8723
-1.3838,-0.89727,-1.8703
-1.3811,-0.89392,-1.8682
-1.3784,-0.89062,-1.8661
-1.3757,-0.88738,-1.864
-1.373,-0.88419,-1.8618
-1.3703,-0.88105,-1.8595
-1.3676,-0.87797,-1.8572
-1.3649,-0.87494,-1.8548
-1.3622,-0.87197,-1.8524
-1.3595,-0.86905,-1.8499
-1.3568,-0.86619,-1.8473
-1.3541,-0.86337,-1.8447
-1.3514,-0.86062,-1.8421
-1.3486,-0.85791,-1.8394
-1.3459,-0.85527,-1.8366
-1.3432,-0.85267,-1.8338
-1.3405,-0.85013,-1.8309
-1.3378,-0.84764,-1.828
-1.3351,-0.84521,-1.8251
-1.3324,-0.84283,-1.822
-1.3297,-0.84051,-1.8189
-1.327,-0.83824,-1.8158
-1.3243,-0.83603,-1.8126
-1.3216,-0.83386,-1.8094
-1.3189,-0.83176,-1.8061
-1.3162,-0.8297,-1.8027
-1.3135,-0.8277,-1.7993
-1.3108,-0.82576,-1.7959
-1.3081,-0.82387,-1.7923
-1.3054,-0.82203,-1.7888
-1.3027,-0.82025,-1.7852
-1.3,-0.81852,-1.7815
-1.2973,-0.81682,-1.7778
-1.2946,-0.81512,-1.7741
-1.2919,-0.81341,-1.7704
-1.2892,-0.81171,-1.7667
-1.2865,-0.81001,-1.763
-1.2838,-0.80831,-1.7593
-1.2811,-0.80661,-1.7556
-1.2784,-0.8049,-1.7519
-1.2757,-0.8032,-1.7481
-1.273,-0.8015,-1.7444
-1.2703,-0.7998,-1.7407
-1.2676,-0.7981,-1.737
-1.2649,-0.7964,-1.7333
-1.2622,-0.79469,-1.7296
-1.2595,-0.79299,-1.7259
-1.2568,-0.79129,-1.7222
-1.2541,-0.78959,-1.7185
-1.2514,-0.78789,-1.7148
-1.2486,-0.78619,-1.7111
-1.2459,-0.78448,-1.7074
-1.2432,-0.78278,-1.7037
-1.2405,-0.78108,-1.7
-1.2378,-0.77938,-1.6963
-1.2351,-0.77768,-1.6926
-1.2324,-0.77598,-1.6889
-1.2297,-0.77427,-1.6852
-1.227,-0.77257,-1.6815
-1.2243,-0.77087,-1.6778
-1.2216,-0.76917,-1.6741
-1.2189,-0.76747,-1.6704
-1.2162,-0.76577,-1.6667
-1.2135,-0.76406,-1.663
-1.2108,-0.76236,-1.6593
-1.2081,-0.76066,-1.6556
-1.2054,-0.75896,-1.6519
-1.2027,-0.75726,-1.6481
-1.2,-0.75556,-1.6444
-1.1973,-0.75385,-1.6407
-1.1946,-0.75215,-1.637
-1.1919,-0.75045,-1.6333
-1.1892,-0.74875,-1.6296
-1.1865,-0.74705,-1.6259
-1.1838,-0.74535,-1.6222
-1.1811,-0.74364,-1.6185
-1.1784,-0.74194,-1.6148
-1.1757,-0.74024,-1.6111
-1.173,-0.73854,-1.6074
-1.1703,-0.73684,-1.6037
-1.1676,-0.73514,-1.6
-1.1649,-0.73343,-1.5963
-1.1622,-0.73173,-1.5926
-1.1595,-0.73003,-1.5889
-1.1568,-0.72833,-1.5852
-1.1541,-0.72663,-1.5815
-1.1514,-0.72492,-1.5778
-1.1486,-0.72322,-1.5741
-1.1459,-0.72152,-1.5704
-1.1432,-0.71982,-1.5667
-1.1405,-0.71812,-1.563
-1.1378,-0.71642,-1.5593
-1.1351,-0.71471,-1.5556
-1.1324,-0.71301,-1.5519
-1.1297,-0.71131,-1.5481
-1.127,-0.70961,-1.5444
-1.1243,-0.70791,-1.5407
-1.1216,-0.70621,-1.537
-1.1189,-0.7045,-1.5333
-1.1162,-0.7028,-1.5296
-1.1135,-0.7011,-1.5259
-1.1108,-0.6994,-1.5222
-1.1081,-0.6977,-1.5185
-1.1054,-0.696,-1.5148
-1.1027,-0.69429,-1.5111
-1.1,-0.69259,-1.5074
-1.0973,-0.69089,-1.5037
-1.0946,-0.68919,-1.5
-1.0919,-0.68749,-1.4963
-1.0892,-0.68579,-1.4926
-1.0865,-0.68408,-1.4889
-1.0838,-0.68238,-1.4852
-1.0811,-0.68068,-1.4815
-1.0784,-0.67898,-1.4778
-1.0757,-0.67728,-1.4741
-1.073,-0.67558,-1.4704
-1.0703,-0.67387,-1.4667
-1.0676,-0.67217,-1.463
-1.0649,-0.67047,-1.4593
-1.0622,-0.66877,-1.4556
-1.0595,-0.66707,-1.4519
-1.0568,-0.66537,-1.4481
-1.0541,-0.66366,-1.4444
-1.0514,-0.66196,-1.4407
-1.0486,-0.66026,-1.437
-1.0459,-0.65856,-1.4333
-1.0432,-0.65686,-1.4296
-1.0405,-0.65516,-1.4259
-1.0378,-0.65345,-1.4222
-1.0351,-0.65175,-1.4185
-1.0324,-0.65005,-1.4148
-1.0297,-0.64835,-1.4111
-1.027,-0.64665,-1.4074
-1.0243,-0.64494,-1.4037
-1.0216,-0.64324,-1.4
-1.0189,-0.64154,-1.3963
-1.0162,-0.63984,-1.3926
-1.0135,-0.63814,-1.3889
-1.0108,-0.63644,-1.3852
-1.0081,-0.63473,-1.3815
-1.0054,-0.63303,-1.3778
-1.0027,-0.63133,-1.3741
-1,-0.62963,-1.3704
-0.9973,-0.62793,-1.3667
-0.99459,-0.62623,-1.363
-0.99189,-0.62452,-1.3593
-0.98919,-0.62282,-1.3556
-0.98649,-0.62112,-1.3519
-0.98378,-0.61942,-1.3481
-0.98108,-0.61772,-1.3444
-0.97838,-0.61602,-1.3407
-0.97568,-0.61431,-1.337
-0.97297,-0.61261,-1.3333
-0.97027,-0.61091,-1.3296
-0.96757,-0.60921,-1.3259
-0.96486,-0.60751,-1.3222
-0.96216,-0.60581,-1.3185
-0.95946,-0.6041,-1.3148
-0.95676,-0.6024,-1.3111
-0.95405,-0.6007,-1.3074
-0.95135,-0.599,-1.3037
-0.94865,-0.5973,-1.3
-0.94595,-0.5956,-1.2963
-0.94324,-0.59389,-1.2926
-0.94054,-0.59219,-1.2889
-0.93784,-0.59049,-1.2852
-0.93514,-0.58879,-1.2815
-0.93243,-0.58709,-1.2778
-0.92973,-0.58539,-1.2741
-0.92703,-0.58368,-1.2704
-0.92432,-0.58198,-1.2667
-0.92162,-0.58028,-1.263
-0.91892,-0.57858,-1.2593
-0.91622,-0.57688,-1.2556
-0.91351,-0.57518,-1.2519
-0.91081,-0.57347,-1.2481
-0.90811,-0.57177,-1.2444
-0.90541,-0.57007,-1.2407
-0.9027,-0.56837,-1.237
-0.9,-0.56667,-1.2333
-0.8973,-0.56496,-1.2296
-0.89459,-0.56326,-1.2259
-0.89189,-0.56156,-1.2222
-0.88919,-0.55986,-1.2185
-0.88649,-0.55816,-1.2148
-0.88378,-0.55646,-1.2111
-0.88108,-0.55475,-1.2074
-0.87838,-0.55305,-1.2037
-0.87568,-0.55135,-1.2
-0.87297,-0.54965,-1.1963
-0.87027,-0.54795,-1.1926
-0.86757,-0.54625,-1.1889
-0.86486,-0.54454,-1.1852
-0.86216,-0.54284,-1.1815
-0.85946,-0.54114,-1.1778
-0.85676,-0.53944,-1.1741
-0.85405,-0.53774,-1.1704
-0.85135,-0.53604,-1.1667
-0.84865,-0.53433,-1.163
-0.84595,-0.53263,-1.1593
-0.84324,-0.53093,-1.1556
-0.84054,-0.52923,-1.1519
-0.83784,-0.52753,-1.1481
-0.83514,-0.52583,-1.1444
-0.83243,-0.52412,-1.1407
-0.82973,-0.52242,-1.137
-0.82703,-0.52072,-1.1333
-0.82432,-0.51902,-1.1296
-0.82162,-0.51732,-1.1259
-0.81892,-0.51562,-1.1222
-0.81622,-0.51391,-1.1185
-0.81351,-0.51221,-1.1148
-0.81081,-0.51051,-1.1111
-0.80811,-0.50881,-1.1074
-0.80541,-0.50711,-1.1037
-0.8027,-0.50541,-1.1
-0.8,-0.5037,-1.0963
-0.7973,-0.502,-1.0926
-0.79459,-0.5003,-1.0889
-0.79189,-0.4986,-1.0852
-0.78919,-0.4969,-1.0815
-0.78649,-0.4952,-1.0778
-0.78378,-0.49349,-1.0741
-0.78108,-0.49179,-1.0704
-0.77838,-0.49009,-1.0667
-0.77568,-0.48839,-1.063
-0.77297,-0.48669,-1.0593
-0.77027,-0.48498,-1.0556
-0.76757,-0.48328,-1.0519
-0.76486,-0.48158,-1.0481
-0.76216,-0.47988,-1.0444
-0.75946,-0.47818,-1.0407
-0.75676,-0.47648,-1.037
-0.75405,-0.47477,-1.0333
-0.75135,-0.47307,-1.0296
-0.74865,-0.47137,-1.0259
-0.74595,-0.46967,-1.0222
-0.74324,-0.46797,-1.0185
-0.74054,-0.46627,-1.0148
-0.73784,-0.46456,-1.0111
-0.73514,-0.46286,-1.0074
-0.73243,-0.46116,-1.0037
-0.72973,-0.45946,-1
-0.72703,-0.45776,-0.9963
-0.72432,-0.45606,-0.99259
-0.72162,-0.45435,-0.98889
-0.71892,-0.45265,-0.98519
-0.71622,-0.45095,-0.98148
-0.71351,-0.44925,-0.97778
-0.71081,-0.44755,-0.97407
-0.70811,-0.44585,-0.97037
-0.70541,-0.44414,-0.96667
-0.7027,-0.44244,-0.96296
-0.7,-0.44074,-0.95926
-0.6973,-0.43904,-0.95556
-0.69459,-0.43734,-0.95185
-0.69189,-0.43564,-0.94815
-0.68919,-0.43393,-0.94444
-0.68649,-0.43223,-0.94074
-0.68378,-0.43053,-0.93704
-0.68108,-0.42883,-0.93333
-0.67838,-0.42713,-0.92963
-0.67568,-0.42543,-0.92593
-0.67297,-0.42372,-0.92222
-0.67027,-0.42202,-0.91852
-0.66757,-0.42032,-0.91481
-0.66486,-0.41862,-0.91111
-0.66216,-0.41692,-0.90741
-0.65946,-0.41522,-0.9037
-0.65676,-0.41351,-0.9
-0.65405,-0.41181,-0.8963
-0.65135,-0.41011,-0.89259
-0.64865,-0.40841,-0.88889
-0.64595,-0.40671,-0.88519
-0.64324,-0.40501,-0.88148
-0.64054,-0.4033,-0.87778
-0.63784,-0.4016,-0.87407
-0.63514,-0.3999,-0.87037
-0.63243,-0.3982,-0.86667
-0.62973,-0.3965,-0.86296
-0.62703,-0.39479,-0.85926
-0.62432,-0.39309,-0.85556
-0.62162,-0.39139,-0.85185
-0.61892,-0.38969,-0.84815
-0.61622,-0.38799,-0.84444
-0.61351,-0.38629,-0.84074
-0.61081,-0.38458,-0.83704
-0.60811,-0.38288,-0.83333
-0.60541,-0.38118,-0.82963
-0.6027,-0.37948,-0.82593
-0.6,-0.37778,-0.82222
-0.5973,-0.37608,-0.81852
-0.59459,-0.37437,-0.81481
-0.59189,-0.37267,-0.81111
-0.58919,-0.37097,-0.80741
-0.58649,-0.36927,-0.8037
-0.58378,-0.36757,-0.8
-0.58108,-0.36587,-0.7963
-0.57838,-0.36416,-0.79259
-0.57568,-0.36246,-0.78889
-0.57297,-0.36076,-0.78519
-0.57027,-0.35906,-0.78148
-0.56757,-0.35736,-0.77778
-0.56486,-0.35566,-0.77407
-0.56216,-0.35395,-0.77037
-0.55946,-0.35225,-0.76667
-0.55676,-0.35055,-0.76296
-0.55405,-0.34885,-0.75926
-0.55135,-0.34715,-0.75556
-0.54865,-0.34545,-0.75185
-0.54595,-0.34374,-0.74815
-0.54324,-0.34204,-0.74444
-0.54054,-0.34034,-0.74074
-0.53784,-0.33864,-0.73704
-0.53514,-0.33694,-0.73333
-0.53243,-0.33524,-0.72963
-0.52973,-0.33353,-0.72593
-0.52703,-0.33183,-0.72222
-0.52432,-0.33013,-0.71852
-0.52162,-0.32843,-0.71481
-0.51892,-0.32673,-0.71111
-0.51622,-0.32503,-0.70741
-0.51351,-0.32332,-0.7037
-0.51081,-0.32162,-0.7
-0.50811,-0.31992,-0.6963
-0.50541,-0.31822,-0.69259
-0.5027,-0.31652,-0.68889
-0.5,-0.31481,-0.68519
-0.4973,-0.31311,-0.68148
-0.49459,-0.31141,-0.67778
-0.49189,-0.30971,-0.67407
-0.48919,-0.30801,-0.67037
-0.48649,-0.30631,-0.66667
-0.48378,-0.3046,-0.66296
-0.48108,-0.3029,-0.65926
-0.47838,-0.3012,-0.65556
-0.47568,-0.2995,-0.65185
-0.47297,-0.2978,-0.64815
-0.47027,-0.2961,-0.64444
-0.46757,-0.29439,-0.64074
-0.46486,-0.29269,-0.63704
-0.46216,-0.29099,-0.63333
-0.45946,-0.28929,-0.62963
-0.45676,-0.28759,-0.62593
-0.45405,-0.28589,-0.62222
-0.45135,-0.28418,-0.61852
-0.44865,-0.28248,-0.61481
-0.44595,-0.28078,-0.61111
-0.44324,-0.27908,-0.60741
-0.44054,-0.27738,-0.6037
-0.43784,-0.27568,-0.6
-0.43514,-0.27397,-0.5963
-0.43243,-0.27227,-0.59259
-0.42973,-0.27057,-0.58889
-0.42703,-0.26887,-0.58519
-0.42432,-0.26717,-0.58148
-0.42162,-0.26547,-0.57778
-0.41892,-0.26376,-0.57407
-0.41622,-0.26206,-0.57037
-0.41351,-0.26036,-0.56667
-0.41081,-0.25866,-0.56296
-0.40811,-0.25696,-0.55926
-0.40541,-0.25526,-0.55556
-0.4027,-0.25355,-0.55185
-0.4,-0.25185,-0.54815
-0.3973,-0.25015,-0.54444
-0.39459,-0.24845,-0.54074
-0.39189,-0.24675,-0.53704
-0.38919,-0.24505,-0.53333
-0.38649,-0.24334,-0.52963
-0.38378,-0.24164,-0.52593
-0.38108,-0.23994,-0.52222
-0.37838,-0.23824,-0.51852
-0.37568,-0.23654,-0.51481
-0.37297,-0.23483,-0.51111
-0.37027,-0.23313,-0.50741
-0.36757,-0.23143,-0.5037
-0.36486,-0.22973,-0.5
-0.36216,-0.22803,-0.4963
-0.35946,-0.22633,-0.49259
-0.35676,-0.22462,-0.48889
-0.35405,-0.22292,-0.48519
-0.35135,-0.22122,-0.48148
-0.34865,-0.21952,-0.47778
-0.34595,-0.21782,-0.47407
-0.34324,-0.21612,-0.47037
-0.34054,-0.21441,-0.46667
-0.33784,-0.21271,-0.46296
-0.33514,-0.21101,-0.45926
-0.33243,-0.20931,-0.45556
-0.32973,-0.20761,-0.45185
-0.32703,-0.20591,-0.44815
-0.32432,-0.2042,-0.44444
-0.32162,-0.2025,-0.44074
-0.31892,-0.2008,-0.43704
-0.31622,-0.1991,-0.43333
-0.31351,-0.1974,-0.42963
-0.31081,-0.1957,-0.42593
-0.30811,-0.19399,-0.42222
-0.30541,-0.19229,-0.41852
-0.3027,-0.19059,-0.41481
-0.3,-0.18889,-0.41111
-0.2973,-0.18719,-0.40741
-0.29459,-0.18549,-0.4037
-0.29189,-0.18378,-0.4
-0.28919,-0.18208,-0.3963
-0.28649,-0.18038,-0.39259
-0.28378,-0.17868,-0.38889
-0.28108,-0.17698,-0.38519
-0.27838,-0.17528,-0.38148
-0.27568,-0.17357,-0.37778
-0.27297,-0.17187,-0.37407
-0.27027,-0.17017,-0.37037
-0.26757,-0.16847,-0.36667
-0.26486,-0.16677,-0.36296
-0.26216,-0.16507,-0.35926
-0.25946,-0.16336,-0.35556
-0.25676,-0.16166,-0.35185
-0.25405,-0.15996,-0.34815
-0.25135,-0.15826,-0.34444
-0.24865,-0.15656,-0.34074
-0.24595,-0.15485,-0.33704
-0.24324,-0.15315,-0.33333
-0.24054,-0.15145,-0.32963
-0.23784,-0.14975,-0.32593
-0.23514,-0.14805,-0.32222
-0.23243,-0.14635,-0.31852
-0.22973,-0.14464,-0.31481
-0.22703,-0.14294,-0.31111
-0.22432,-0.14124,-0.30741
-0.22162,-0.13954,-0.3037
-0.21892,-0.13784,-0.3
-0.21622,-0.13614,-0.2963
-0.21351,-0.13443,-0.29259
-0.21081,-0.13273,-0.28889
-0.20811,-0.13103,-0.28519
-0.20541,-0.12933,-0.28148
-0.2027,-0.12763,-0.27778
-0.2,-0.12593,-0.27407
-0.1973,-0.12422,-0.27037
-0.19459,-0.12252,-0.26667
-0.19189,-0.12082,-0.26296
-0.18919,-0.11912,-0.25926
-0.18649,-0.11742,-0.25556
-0.18378,-0.11572,-0.25185
-0.18108,-0.11401,-0.24815
-0.17838,-0.11231,-0.24444
-0.17568,-0.11061,-0.24074
-0.17297,-0.10891,-0.23704
-0.17027,-0.10721,-0.23333
-0.16757,-0.10551,-0.22963
-0.16486,-0.1038,-0.22593
-0.16216,-0.1021,-0.22222
-0.15946,-0.1004,-0.21852
-0.15676,-0.098699,-0.21481
-0.15405,-0.096997,-0.21111
-0.15135,-0.095295,-0.20741
-0.14865,-0.093594,-0.2037
-0.14595,-0.091892,-0.2
-0.14324,-0.09019,-0.1963
-0.14054,-0.088488,-0.19259
-0.13784,-0.086787,-0.18889
-0.13514,-0.085085,-0.18519
-0.13243,-0.083383,-0.18148
-0.12973,-0.081682,-0.17778
-0.12703,-0.07998,-0.17407
-0.12432,-0.078278,-0.17037
-0.12162,-0.076577,-0.16667
-0.11892,-0.074875,-0.16296
-0.11622,-0.073173,-0.15926
-0.11351,-0.071471,-0.15556
-0.11081,-0.06977,-0.15185
-0.10811,-0.068068,-0.14815
-0.10541,-0.066366,-0.14444
-0.1027,-0.064665,-0.14074
-0.1,-0.062963,-0.13704
-0.097297,-0.061261,-0.13333
-0.094595,-0.05956,-0.12963
-0.091892,-0.057858,-0.12593
-0.089189,-0.056156,-0.12222
-0.086486,-0.054454,-0.11852
-0.083784,-0.052753,-0.11481
-0.081081,-0.051051,-0.11111
-0.078378,-0.049349,-0.10741
-0.075676,-0.047648,-0.1037
-0.072973,-0.045946,-0.1
-0.07027,-0.044244,-0.096296
-0.067568,-0.042543,-0.092593
-0.064865,-0.040841,-0.088889
-0.062162,-0.039139,-0.085185
-0.059459,-0.037437,-0.081481
-0.056757,-0.035736,-0.077778
-0.054054,-0.034034,-0.074074
-0.051351,-0.032332,-0.07037
-0.048649,-0.030631,-0.066667
-0.045946,-0.028929,-0.062963
-0.043243,-0.027227,-0.059259
-0.040541,-0.025526,-0.055556
-0.037838,-0.023824,-0.051852
-0.035135,-0.022122,-0.048148
-0.032432,-0.02042,-0.044444
-0.02973,-0.018719,-0.040741
-0.027027,-0.017017,-0.037037
-0.024324,-0.015315,-0.033333
-0.021622,-0.013614,-0.02963
-0.018919,-0.011912,-0.025926
-0.016216,-0.01021,-0.022222
-0.013514,-0.0085085,-0.018519
-0.010811,-0.0068068,-0.014815
-0.0081081,-0.0051051,-0.011111
-0.0054054,-0.0034034,-0.0074074
-0.0027027,-0.0017017,-0.0037037
0,0,0
